faults 0
source sudoku_games\medium\game_1766600786936_M.txt
current
7 9 5 0 0 8 3 1 2
3 1 0 2 0 0 8 4 5
2 8 4 0 0 5 7 9 6
6 4 0 1 5 3 2 8 9
0 3 2 8 0 0 5 6 1
1 0 8 6 2 0 0 7 0
5 2 9 0 4 0 6 3 8
0 7 1 5 3 6 9 2 0
4 6 3 0 8 2 1 5 7
solution
7 9 5 4 6 8 3 1 2
3 1 6 2 9 7 8 4 5
2 8 4 3 1 5 7 9 6
6 4 7 1 5 3 2 8 9
9 3 2 8 7 4 5 6 1
1 5 8 6 2 9 4 7 3
5 2 9 7 4 1 6 3 8
8 7 1 5 3 6 9 2 4
4 6 3 9 8 2 1 5 7
original
1 1 1 0 0 1 1 1 1
1 1 0 1 0 0 1 1 1
1 1 1 0 0 1 1 1 1
1 1 0 1 1 1 1 1 1
0 1 1 1 0 0 1 1 1
1 0 1 1 1 0 0 1 0
1 1 1 0 1 0 1 1 1
0 1 1 1 1 1 1 1 0
1 1 1 0 1 1 1 1 1
